# Wigner-tomography RAW DATA -- SIMULATED BY THE DIGITAL TWIN (NOT a real measurement).
# Generated by spike/twin_wigner_tomography.py (engine: grating_tomography).
# Prepared state: coherent |gamma>, gamma = 0.919239 +0.919239j (|gamma|=1.3000, arg=0.7854 rad).
# Each row is ONE experimental run. SCANNED PARAMETERS (independent vars):
#   disp_mag    = |beta|, the conditional-displacement magnitude (set by the drive area)
#   disp_phase  = arg(beta), the grating optical phase phi_g [rad]  (so beta = disp_mag * e^{i disp_phase})
#   readout_phase = the analysis-pulse phase varphi [rad]: 0 -> Re-chi quadrature, pi/2 -> Im-chi quadrature
# MEASURED (dependent var, y-axis): P_down = spin-down probability = counts_down / M_shots.
#   model: P_down = 1/2 (1 + C * [Re or Im] chi(beta)),  C=0.900, M=500 shots/run.
#   beta sampled on the disk |beta|<=4.00, uniform grid spacing h=0.33333.
# columns:  disp_mag  disp_phase  readout_phase  M_shots  counts_down  P_down
4.00000 -1.57080 0.00000 500 245 0.49000
4.00000 -1.57080 1.57080 500 274 0.54800
3.90157 -1.91957 0.00000 500 241 0.48200
3.90157 -1.91957 1.57080 500 257 0.51400
3.80058 -1.83705 0.00000 500 272 0.54400
3.80058 -1.83705 1.57080 500 257 0.51400
3.72678 -1.75065 0.00000 500 262 0.52400
3.72678 -1.75065 1.57080 500 264 0.52800
3.68179 -1.66146 0.00000 500 251 0.50200
3.68179 -1.66146 1.57080 500 269 0.53800
3.66667 -1.57080 0.00000 500 242 0.48400
3.66667 -1.57080 1.57080 500 252 0.50400
3.68179 -1.48014 0.00000 500 248 0.49600
3.68179 -1.48014 1.57080 500 248 0.49600
3.72678 -1.39094 0.00000 500 253 0.50600
3.72678 -1.39094 1.57080 500 257 0.51400
3.80058 -1.30454 0.00000 500 238 0.47600
3.80058 -1.30454 1.57080 500 268 0.53600
3.90157 -1.22203 0.00000 500 278 0.55600
3.90157 -1.22203 1.57080 500 233 0.46600
3.88730 -2.11122 0.00000 500 254 0.50800
3.88730 -2.11122 1.57080 500 249 0.49800
3.72678 -2.03444 0.00000 500 240 0.48000
3.72678 -2.03444 1.57080 500 250 0.50000
3.59011 -1.95130 0.00000 500 234 0.46800
3.59011 -1.95130 1.57080 500 249 0.49800
3.48010 -1.86225 0.00000 500 263 0.52600
3.48010 -1.86225 1.57080 500 235 0.47000
3.39935 -1.76819 0.00000 500 254 0.50800
3.39935 -1.76819 1.57080 500 264 0.52800
3.34996 -1.67046 0.00000 500 256 0.51200
3.34996 -1.67046 1.57080 500 264 0.52800
3.33333 -1.57080 0.00000 500 255 0.51000
3.33333 -1.57080 1.57080 500 252 0.50400
3.34996 -1.47113 0.00000 500 278 0.55600
3.34996 -1.47113 1.57080 500 251 0.50200
3.39935 -1.37340 0.00000 500 241 0.48200
3.39935 -1.37340 1.57080 500 240 0.48000
3.48010 -1.27934 0.00000 500 252 0.50400
3.48010 -1.27934 1.57080 500 233 0.46600
3.59011 -1.19029 0.00000 500 246 0.49200
3.59011 -1.19029 1.57080 500 252 0.50400
3.72678 -1.10715 0.00000 500 238 0.47600
3.72678 -1.10715 1.57080 500 253 0.50600
3.88730 -1.03038 0.00000 500 268 0.53600
3.88730 -1.03038 1.57080 500 232 0.46400
3.80058 -2.23184 0.00000 500 260 0.52000
3.80058 -2.23184 1.57080 500 245 0.49000
3.60555 -2.15880 0.00000 500 262 0.52400
3.60555 -2.15880 1.57080 500 253 0.50600
3.43188 -2.07789 0.00000 500 242 0.48400
3.43188 -2.07789 1.57080 500 258 0.51600
3.28295 -1.98902 0.00000 500 248 0.49600
3.28295 -1.98902 1.57080 500 247 0.49400
3.16228 -1.89255 0.00000 500 231 0.46200
3.16228 -1.89255 1.57080 500 259 0.51800
3.07318 -1.78947 0.00000 500 239 0.47800
3.07318 -1.78947 1.57080 500 258 0.51600
3.01846 -1.68145 0.00000 500 256 0.51200
3.01846 -1.68145 1.57080 500 233 0.46600
3.00000 -1.57080 0.00000 500 243 0.48600
3.00000 -1.57080 1.57080 500 270 0.54000
3.01846 -1.46014 0.00000 500 240 0.48000
3.01846 -1.46014 1.57080 500 225 0.45000
3.07318 -1.35213 0.00000 500 255 0.51000
3.07318 -1.35213 1.57080 500 253 0.50600
3.16228 -1.24905 0.00000 500 248 0.49600
3.16228 -1.24905 1.57080 500 238 0.47600
3.28295 -1.15257 0.00000 500 256 0.51200
3.28295 -1.15257 1.57080 500 233 0.46600
3.43188 -1.06370 0.00000 500 234 0.46800
3.43188 -1.06370 1.57080 500 235 0.47000
3.60555 -0.98279 0.00000 500 241 0.48200
3.60555 -0.98279 1.57080 500 247 0.49400
3.80058 -0.90975 0.00000 500 255 0.51000
3.80058 -0.90975 1.57080 500 259 0.51800
3.77124 -2.35619 0.00000 500 256 0.51200
3.77124 -2.35619 1.57080 500 239 0.47800
3.54338 -2.28963 0.00000 500 250 0.50000
3.54338 -2.28963 1.57080 500 265 0.53000
3.33333 -2.21430 0.00000 500 262 0.52400
3.33333 -2.21430 1.57080 500 256 0.51200
3.14466 -2.12940 0.00000 500 258 0.51600
3.14466 -2.12940 1.57080 500 236 0.47200
2.98142 -2.03444 0.00000 500 232 0.46400
2.98142 -2.03444 1.57080 500 250 0.50000
2.84800 -1.92957 0.00000 500 251 0.50200
2.84800 -1.92957 1.57080 500 252 0.50400
2.74874 -1.81577 0.00000 500 268 0.53600
2.74874 -1.81577 1.57080 500 235 0.47000
2.68742 -1.69515 0.00000 500 235 0.47000
2.68742 -1.69515 1.57080 500 258 0.51600
2.66667 -1.57080 0.00000 500 260 0.52000
2.66667 -1.57080 1.57080 500 263 0.52600
2.68742 -1.44644 0.00000 500 246 0.49200
2.68742 -1.44644 1.57080 500 236 0.47200
2.74874 -1.32582 0.00000 500 254 0.50800
2.74874 -1.32582 1.57080 500 246 0.49200
2.84800 -1.21203 0.00000 500 255 0.51000
2.84800 -1.21203 1.57080 500 238 0.47600
2.98142 -1.10715 0.00000 500 261 0.52200
2.98142 -1.10715 1.57080 500 245 0.49000
3.14466 -1.01220 0.00000 500 251 0.50200
3.14466 -1.01220 1.57080 500 251 0.50200
3.33333 -0.92730 0.00000 500 240 0.48000
3.33333 -0.92730 1.57080 500 245 0.49000
3.54338 -0.85197 0.00000 500 253 0.50600
3.54338 -0.85197 1.57080 500 243 0.48600
3.77124 -0.78540 0.00000 500 251 0.50200
3.77124 -0.78540 1.57080 500 272 0.54400
3.80058 -2.48055 0.00000 500 221 0.44200
3.80058 -2.48055 1.57080 500 236 0.47200
3.54338 -2.42276 0.00000 500 243 0.48600
3.54338 -2.42276 1.57080 500 241 0.48200
3.29983 -2.35619 0.00000 500 265 0.53000
3.29983 -2.35619 1.57080 500 251 0.50200
3.07318 -2.27942 0.00000 500 259 0.51800
3.07318 -2.27942 1.57080 500 264 0.52800
2.86744 -2.19105 0.00000 500 253 0.50600
2.86744 -2.19105 1.57080 500 265 0.53000
2.68742 -2.08994 0.00000 500 246 0.49200
2.68742 -2.08994 1.57080 500 231 0.46200
2.53859 -1.97569 0.00000 500 244 0.48800
2.53859 -1.97569 1.57080 500 225 0.45000
2.42670 -1.84910 0.00000 500 252 0.50400
2.42670 -1.84910 1.57080 500 262 0.52400
2.35702 -1.71269 0.00000 500 233 0.46600
2.35702 -1.71269 1.57080 500 261 0.52200
2.33333 -1.57080 0.00000 500 252 0.50400
2.33333 -1.57080 1.57080 500 267 0.53400
2.35702 -1.42890 0.00000 500 261 0.52200
2.35702 -1.42890 1.57080 500 257 0.51400
2.42670 -1.29250 0.00000 500 262 0.52400
2.42670 -1.29250 1.57080 500 244 0.48800
2.53859 -1.16590 0.00000 500 279 0.55800
2.53859 -1.16590 1.57080 500 276 0.55200
2.68742 -1.05165 0.00000 500 258 0.51600
2.68742 -1.05165 1.57080 500 255 0.51000
2.86744 -0.95055 0.00000 500 262 0.52400
2.86744 -0.95055 1.57080 500 252 0.50400
3.07318 -0.86217 0.00000 500 272 0.54400
3.07318 -0.86217 1.57080 500 257 0.51400
3.29983 -0.78540 0.00000 500 259 0.51800
3.29983 -0.78540 1.57080 500 242 0.48400
3.54338 -0.71883 0.00000 500 244 0.48800
3.54338 -0.71883 1.57080 500 259 0.51800
3.80058 -0.66104 0.00000 500 242 0.48400
3.80058 -0.66104 1.57080 500 250 0.50000
3.88730 -2.60117 0.00000 500 244 0.48800
3.88730 -2.60117 1.57080 500 275 0.55000
3.60555 -2.55359 0.00000 500 246 0.49200
3.60555 -2.55359 1.57080 500 247 0.49400
3.33333 -2.49809 0.00000 500 252 0.50400
3.33333 -2.49809 1.57080 500 259 0.51800
3.07318 -2.43297 0.00000 500 242 0.48400
3.07318 -2.43297 1.57080 500 259 0.51800
2.82843 -2.35619 0.00000 500 242 0.48400
2.82843 -2.35619 1.57080 500 250 0.50000
2.60342 -2.26553 0.00000 500 273 0.54600
2.60342 -2.26553 1.57080 500 265 0.53000
2.40370 -2.15880 0.00000 500 267 0.53400
2.40370 -2.15880 1.57080 500 238 0.47600
2.23607 -2.03444 0.00000 500 250 0.50000
2.23607 -2.03444 1.57080 500 236 0.47200
2.10819 -1.89255 0.00000 500 227 0.45400
2.10819 -1.89255 1.57080 500 236 0.47200
2.02759 -1.73595 0.00000 500 212 0.42400
2.02759 -1.73595 1.57080 500 275 0.55000
2.00000 -1.57080 0.00000 500 203 0.40600
2.00000 -1.57080 1.57080 500 269 0.53800
2.02759 -1.40565 0.00000 500 250 0.50000
2.02759 -1.40565 1.57080 500 267 0.53400
2.10819 -1.24905 0.00000 500 243 0.48600
2.10819 -1.24905 1.57080 500 271 0.54200
2.23607 -1.10715 0.00000 500 270 0.54000
2.23607 -1.10715 1.57080 500 250 0.50000
2.40370 -0.98279 0.00000 500 255 0.51000
2.40370 -0.98279 1.57080 500 250 0.50000
2.60342 -0.87606 0.00000 500 253 0.50600
2.60342 -0.87606 1.57080 500 246 0.49200
2.82843 -0.78540 0.00000 500 274 0.54800
2.82843 -0.78540 1.57080 500 250 0.50000
3.07318 -0.70863 0.00000 500 251 0.50200
3.07318 -0.70863 1.57080 500 252 0.50400
3.33333 -0.64350 0.00000 500 251 0.50200
3.33333 -0.64350 1.57080 500 259 0.51800
3.60555 -0.58800 0.00000 500 249 0.49800
3.60555 -0.58800 1.57080 500 239 0.47800
3.88730 -0.54042 0.00000 500 254 0.50800
3.88730 -0.54042 1.57080 500 254 0.50800
3.72678 -2.67795 0.00000 500 253 0.50600
3.72678 -2.67795 1.57080 500 252 0.50400
3.43188 -2.63449 0.00000 500 258 0.51600
3.43188 -2.63449 1.57080 500 249 0.49800
3.14466 -2.58299 0.00000 500 268 0.53600
3.14466 -2.58299 1.57080 500 241 0.48200
2.86744 -2.52134 0.00000 500 246 0.49200
2.86744 -2.52134 1.57080 500 248 0.49600
2.60342 -2.44685 0.00000 500 249 0.49800
2.60342 -2.44685 1.57080 500 260 0.52000
2.35702 -2.35619 0.00000 500 289 0.57800
2.35702 -2.35619 1.57080 500 245 0.49000
2.13437 -2.24554 0.00000 500 273 0.54600
2.13437 -2.24554 1.57080 500 251 0.50200
1.94365 -2.11122 0.00000 500 259 0.51800
1.94365 -2.11122 1.57080 500 215 0.43000
1.79505 -1.95130 0.00000 500 259 0.51800
1.79505 -1.95130 1.57080 500 209 0.41800
1.69967 -1.76819 0.00000 500 215 0.43000
1.69967 -1.76819 1.57080 500 228 0.45600
1.66667 -1.57080 0.00000 500 181 0.36200
1.66667 -1.57080 1.57080 500 236 0.47200
1.69967 -1.37340 0.00000 500 185 0.37000
1.69967 -1.37340 1.57080 500 300 0.60000
1.79505 -1.19029 0.00000 500 230 0.46000
1.79505 -1.19029 1.57080 500 295 0.59000
1.94365 -1.03038 0.00000 500 262 0.52400
1.94365 -1.03038 1.57080 500 282 0.56400
2.13437 -0.89606 0.00000 500 264 0.52800
2.13437 -0.89606 1.57080 500 255 0.51000
2.35702 -0.78540 0.00000 500 263 0.52600
2.35702 -0.78540 1.57080 500 240 0.48000
2.60342 -0.69474 0.00000 500 269 0.53800
2.60342 -0.69474 1.57080 500 225 0.45000
2.86744 -0.62025 0.00000 500 248 0.49600
2.86744 -0.62025 1.57080 500 235 0.47000
3.14466 -0.55860 0.00000 500 239 0.47800
3.14466 -0.55860 1.57080 500 235 0.47000
3.43188 -0.50710 0.00000 500 266 0.53200
3.43188 -0.50710 1.57080 500 236 0.47200
3.72678 -0.46365 0.00000 500 235 0.47000
3.72678 -0.46365 1.57080 500 245 0.49000
3.90157 -2.79282 0.00000 500 250 0.50000
3.90157 -2.79282 1.57080 500 241 0.48200
3.59011 -2.76109 0.00000 500 248 0.49600
3.59011 -2.76109 1.57080 500 269 0.53800
3.28295 -2.72337 0.00000 500 229 0.45800
3.28295 -2.72337 1.57080 500 272 0.54400
2.98142 -2.67795 0.00000 500 255 0.51000
2.98142 -2.67795 1.57080 500 259 0.51800
2.68742 -2.62245 0.00000 500 236 0.47200
2.68742 -2.62245 1.57080 500 266 0.53200
2.40370 -2.55359 0.00000 500 239 0.47800
2.40370 -2.55359 1.57080 500 251 0.50200
2.13437 -2.46685 0.00000 500 266 0.53200
2.13437 -2.46685 1.57080 500 267 0.53400
1.88562 -2.35619 0.00000 500 281 0.56200
1.88562 -2.35619 1.57080 500 257 0.51400
1.66667 -2.21430 0.00000 500 290 0.58000
1.66667 -2.21430 1.57080 500 219 0.43800
1.49071 -2.03444 0.00000 500 281 0.56200
1.49071 -2.03444 1.57080 500 174 0.34800
1.37437 -1.81577 0.00000 500 249 0.49800
1.37437 -1.81577 1.57080 500 157 0.31400
1.33333 -1.57080 0.00000 500 210 0.42000
1.33333 -1.57080 1.57080 500 191 0.38200
1.37437 -1.32582 0.00000 500 171 0.34200
1.37437 -1.32582 1.57080 500 245 0.49000
1.49071 -1.10715 0.00000 500 193 0.38600
1.49071 -1.10715 1.57080 500 297 0.59400
1.66667 -0.92730 0.00000 500 244 0.48800
1.66667 -0.92730 1.57080 500 316 0.63200
1.88562 -0.78540 0.00000 500 237 0.47400
1.88562 -0.78540 1.57080 500 291 0.58200
2.13437 -0.67474 0.00000 500 273 0.54600
2.13437 -0.67474 1.57080 500 232 0.46400
2.40370 -0.58800 0.00000 500 248 0.49600
2.40370 -0.58800 1.57080 500 262 0.52400
2.68742 -0.51915 0.00000 500 256 0.51200
2.68742 -0.51915 1.57080 500 264 0.52800
2.98142 -0.46365 0.00000 500 250 0.50000
2.98142 -0.46365 1.57080 500 261 0.52200
3.28295 -0.41822 0.00000 500 241 0.48200
3.28295 -0.41822 1.57080 500 241 0.48200
3.59011 -0.38051 0.00000 500 267 0.53400
3.59011 -0.38051 1.57080 500 246 0.49200
3.90157 -0.34877 0.00000 500 265 0.53000
3.90157 -0.34877 1.57080 500 262 0.52400
3.80058 -2.87534 0.00000 500 237 0.47400
3.80058 -2.87534 1.57080 500 234 0.46800
3.48010 -2.85014 0.00000 500 235 0.47000
3.48010 -2.85014 1.57080 500 233 0.46600
3.16228 -2.81984 0.00000 500 234 0.46800
3.16228 -2.81984 1.57080 500 226 0.45200
2.84800 -2.78282 0.00000 500 251 0.50200
2.84800 -2.78282 1.57080 500 268 0.53600
2.53859 -2.73670 0.00000 500 256 0.51200
2.53859 -2.73670 1.57080 500 266 0.53200
2.23607 -2.67795 0.00000 500 261 0.52200
2.23607 -2.67795 1.57080 500 268 0.53600
1.94365 -2.60117 0.00000 500 263 0.52600
1.94365 -2.60117 1.57080 500 276 0.55200
1.66667 -2.49809 0.00000 500 294 0.58800
1.66667 -2.49809 1.57080 500 271 0.54200
1.41421 -2.35619 0.00000 500 347 0.69400
1.41421 -2.35619 1.57080 500 249 0.49800
1.20185 -2.15880 0.00000 500 349 0.69800
1.20185 -2.15880 1.57080 500 211 0.42200
1.05409 -1.89255 0.00000 500 284 0.56800
1.05409 -1.89255 1.57080 500 136 0.27200
1.00000 -1.57080 0.00000 500 200 0.40000
1.00000 -1.57080 1.57080 500 110 0.22000
1.05409 -1.24905 0.00000 500 139 0.27800
1.05409 -1.24905 1.57080 500 156 0.31200
1.20185 -0.98279 0.00000 500 131 0.26200
1.20185 -0.98279 1.57080 500 243 0.48600
1.41421 -0.78540 0.00000 500 171 0.34200
1.41421 -0.78540 1.57080 500 273 0.54600
1.66667 -0.64350 0.00000 500 225 0.45000
1.66667 -0.64350 1.57080 500 299 0.59800
1.94365 -0.54042 0.00000 500 259 0.51800
1.94365 -0.54042 1.57080 500 283 0.56600
2.23607 -0.46365 0.00000 500 264 0.52800
2.23607 -0.46365 1.57080 500 266 0.53200
2.53859 -0.40489 0.00000 500 257 0.51400
2.53859 -0.40489 1.57080 500 262 0.52400
2.84800 -0.35877 0.00000 500 263 0.52600
2.84800 -0.35877 1.57080 500 256 0.51200
3.16228 -0.32175 0.00000 500 266 0.53200
3.16228 -0.32175 1.57080 500 243 0.48600
3.48010 -0.29146 0.00000 500 244 0.48800
3.48010 -0.29146 1.57080 500 252 0.50400
3.80058 -0.26625 0.00000 500 259 0.51800
3.80058 -0.26625 1.57080 500 261 0.52200
3.72678 -2.96174 0.00000 500 251 0.50200
3.72678 -2.96174 1.57080 500 243 0.48600
3.39935 -2.94420 0.00000 500 256 0.51200
3.39935 -2.94420 1.57080 500 259 0.51800
3.07318 -2.92292 0.00000 500 246 0.49200
3.07318 -2.92292 1.57080 500 234 0.46800
2.74874 -2.89661 0.00000 500 264 0.52800
2.74874 -2.89661 1.57080 500 252 0.50400
2.42670 -2.86329 0.00000 500 237 0.47400
2.42670 -2.86329 1.57080 500 246 0.49200
2.10819 -2.81984 0.00000 500 257 0.51400
2.10819 -2.81984 1.57080 500 263 0.52600
1.79505 -2.76109 0.00000 500 234 0.46800
1.79505 -2.76109 1.57080 500 305 0.61000
1.49071 -2.67795 0.00000 500 268 0.53600
1.49071 -2.67795 1.57080 500 322 0.64400
1.20185 -2.55359 0.00000 500 331 0.66200
1.20185 -2.55359 1.57080 500 323 0.64600
0.94281 -2.35619 0.00000 500 409 0.81800
0.94281 -2.35619 1.57080 500 261 0.52200
0.74536 -2.03444 0.00000 500 388 0.77600
0.74536 -2.03444 1.57080 500 151 0.30200
0.66667 -1.57080 0.00000 500 310 0.62000
0.66667 -1.57080 1.57080 500 74 0.14800
0.74536 -1.10715 0.00000 500 208 0.41600
0.74536 -1.10715 1.57080 500 87 0.17400
0.94281 -0.78540 0.00000 500 145 0.29000
0.94281 -0.78540 1.57080 500 161 0.32200
1.20185 -0.58800 0.00000 500 137 0.27400
1.20185 -0.58800 1.57080 500 258 0.51600
1.49071 -0.46365 0.00000 500 182 0.36400
1.49071 -0.46365 1.57080 500 285 0.57000
1.79505 -0.38051 0.00000 500 218 0.43600
1.79505 -0.38051 1.57080 500 289 0.57800
2.10819 -0.32175 0.00000 500 242 0.48400
2.10819 -0.32175 1.57080 500 276 0.55200
2.42670 -0.27830 0.00000 500 261 0.52200
2.42670 -0.27830 1.57080 500 274 0.54800
2.74874 -0.24498 0.00000 500 267 0.53400
2.74874 -0.24498 1.57080 500 246 0.49200
3.07318 -0.21867 0.00000 500 234 0.46800
3.07318 -0.21867 1.57080 500 250 0.50000
3.39935 -0.19740 0.00000 500 248 0.49600
3.39935 -0.19740 1.57080 500 229 0.45800
3.72678 -0.17985 0.00000 500 234 0.46800
3.72678 -0.17985 1.57080 500 265 0.53000
3.68179 -3.05093 0.00000 500 252 0.50400
3.68179 -3.05093 1.57080 500 262 0.52400
3.34996 -3.04192 0.00000 500 258 0.51600
3.34996 -3.04192 1.57080 500 233 0.46600
3.01846 -3.03094 0.00000 500 270 0.54000
3.01846 -3.03094 1.57080 500 252 0.50400
2.68742 -3.01724 0.00000 500 234 0.46800
2.68742 -3.01724 1.57080 500 237 0.47400
2.35702 -2.99970 0.00000 500 221 0.44200
2.35702 -2.99970 1.57080 500 248 0.49600
2.02759 -2.97644 0.00000 500 222 0.44400
2.02759 -2.97644 1.57080 500 259 0.51800
1.69967 -2.94420 0.00000 500 198 0.39600
1.69967 -2.94420 1.57080 500 270 0.54000
1.37437 -2.89661 0.00000 500 230 0.46000
1.37437 -2.89661 1.57080 500 311 0.62200
1.05409 -2.81984 0.00000 500 313 0.62600
1.05409 -2.81984 1.57080 500 386 0.77200
0.74536 -2.67795 0.00000 500 388 0.77600
0.74536 -2.67795 1.57080 500 343 0.68600
0.47140 -2.35619 0.00000 500 459 0.91800
0.47140 -2.35619 1.57080 500 240 0.48000
0.33333 -1.57080 0.00000 500 415 0.83000
0.33333 -1.57080 1.57080 500 138 0.27600
0.47140 -0.78540 0.00000 500 300 0.60000
0.47140 -0.78540 1.57080 500 61 0.12200
0.74536 -0.46365 0.00000 500 189 0.37800
0.74536 -0.46365 1.57080 500 78 0.15600
1.05409 -0.32175 0.00000 500 144 0.28800
1.05409 -0.32175 1.57080 500 161 0.32200
1.37437 -0.24498 0.00000 500 149 0.29800
1.37437 -0.24498 1.57080 500 245 0.49000
1.69967 -0.19740 0.00000 500 219 0.43800
1.69967 -0.19740 1.57080 500 281 0.56200
2.02759 -0.16515 0.00000 500 253 0.50600
2.02759 -0.16515 1.57080 500 283 0.56600
2.35702 -0.14190 0.00000 500 248 0.49600
2.35702 -0.14190 1.57080 500 262 0.52400
2.68742 -0.12435 0.00000 500 244 0.48800
2.68742 -0.12435 1.57080 500 236 0.47200
3.01846 -0.11066 0.00000 500 266 0.53200
3.01846 -0.11066 1.57080 500 273 0.54600
3.34996 -0.09967 0.00000 500 242 0.48400
3.34996 -0.09967 1.57080 500 249 0.49800
3.68179 -0.09066 0.00000 500 241 0.48200
3.68179 -0.09066 1.57080 500 253 0.50600
4.00000 +3.14159 0.00000 500 268 0.53600
4.00000 +3.14159 1.57080 500 244 0.48800
3.66667 +3.14159 0.00000 500 230 0.46000
3.66667 +3.14159 1.57080 500 232 0.46400
3.33333 +3.14159 0.00000 500 246 0.49200
3.33333 +3.14159 1.57080 500 245 0.49000
3.00000 +3.14159 0.00000 500 242 0.48400
3.00000 +3.14159 1.57080 500 248 0.49600
2.66667 +3.14159 0.00000 500 252 0.50400
2.66667 +3.14159 1.57080 500 246 0.49200
2.33333 +3.14159 0.00000 500 257 0.51400
2.33333 +3.14159 1.57080 500 226 0.45200
2.00000 +3.14159 0.00000 500 219 0.43800
2.00000 +3.14159 1.57080 500 244 0.48800
1.66667 +3.14159 0.00000 500 212 0.42400
1.66667 +3.14159 1.57080 500 254 0.50800
1.33333 +3.14159 0.00000 500 194 0.38800
1.33333 +3.14159 1.57080 500 319 0.63800
1.00000 +3.14159 0.00000 500 217 0.43400
1.00000 +3.14159 1.57080 500 384 0.76800
0.66667 +3.14159 0.00000 500 289 0.57800
0.66667 +3.14159 1.57080 500 413 0.82600
0.33333 +3.14159 0.00000 500 420 0.84000
0.33333 +3.14159 1.57080 500 372 0.74400
0.00000 +0.00000 0.00000 500 476 0.95200
0.00000 +0.00000 1.57080 500 261 0.52200
0.33333 +0.00000 0.00000 500 404 0.80800
0.33333 +0.00000 1.57080 500 113 0.22600
0.66667 +0.00000 0.00000 500 322 0.64400
0.66667 +0.00000 1.57080 500 75 0.15000
1.00000 +0.00000 0.00000 500 214 0.42800
1.00000 +0.00000 1.57080 500 131 0.26200
1.33333 +0.00000 0.00000 500 177 0.35400
1.33333 +0.00000 1.57080 500 179 0.35800
1.66667 +0.00000 0.00000 500 182 0.36400
1.66667 +0.00000 1.57080 500 262 0.52400
2.00000 +0.00000 0.00000 500 219 0.43800
2.00000 +0.00000 1.57080 500 250 0.50000
2.33333 +0.00000 0.00000 500 247 0.49400
2.33333 +0.00000 1.57080 500 266 0.53200
2.66667 +0.00000 0.00000 500 262 0.52400
2.66667 +0.00000 1.57080 500 267 0.53400
3.00000 +0.00000 0.00000 500 234 0.46800
3.00000 +0.00000 1.57080 500 241 0.48200
3.33333 +0.00000 0.00000 500 236 0.47200
3.33333 +0.00000 1.57080 500 234 0.46800
3.66667 +0.00000 0.00000 500 259 0.51800
3.66667 +0.00000 1.57080 500 248 0.49600
4.00000 +0.00000 0.00000 500 242 0.48400
4.00000 +0.00000 1.57080 500 237 0.47400
3.68179 +3.05093 0.00000 500 249 0.49800
3.68179 +3.05093 1.57080 500 236 0.47200
3.34996 +3.04192 0.00000 500 230 0.46000
3.34996 +3.04192 1.57080 500 274 0.54800
3.01846 +3.03094 0.00000 500 261 0.52200
3.01846 +3.03094 1.57080 500 246 0.49200
2.68742 +3.01724 0.00000 500 247 0.49400
2.68742 +3.01724 1.57080 500 235 0.47000
2.35702 +2.99970 0.00000 500 253 0.50600
2.35702 +2.99970 1.57080 500 240 0.48000
2.02759 +2.97644 0.00000 500 237 0.47400
2.02759 +2.97644 1.57080 500 228 0.45600
1.69967 +2.94420 0.00000 500 222 0.44400
1.69967 +2.94420 1.57080 500 207 0.41400
1.37437 +2.89661 0.00000 500 174 0.34800
1.37437 +2.89661 1.57080 500 277 0.55400
1.05409 +2.81984 0.00000 500 168 0.33600
1.05409 +2.81984 1.57080 500 341 0.68200
0.74536 +2.67795 0.00000 500 214 0.42800
0.74536 +2.67795 1.57080 500 412 0.82400
0.47140 +2.35619 0.00000 500 304 0.60800
0.47140 +2.35619 1.57080 500 438 0.87600
0.33333 +1.57080 0.00000 500 418 0.83600
0.33333 +1.57080 1.57080 500 382 0.76400
0.47140 +0.78540 0.00000 500 436 0.87200
0.47140 +0.78540 1.57080 500 236 0.47200
0.74536 +0.46365 0.00000 500 393 0.78600
0.74536 +0.46365 1.57080 500 158 0.31600
1.05409 +0.32175 0.00000 500 274 0.54800
1.05409 +0.32175 1.57080 500 136 0.27200
1.37437 +0.24498 0.00000 500 236 0.47200
1.37437 +0.24498 1.57080 500 177 0.35400
1.69967 +0.19740 0.00000 500 204 0.40800
1.69967 +0.19740 1.57080 500 222 0.44400
2.02759 +0.16515 0.00000 500 229 0.45800
2.02759 +0.16515 1.57080 500 247 0.49400
2.35702 +0.14190 0.00000 500 241 0.48200
2.35702 +0.14190 1.57080 500 271 0.54200
2.68742 +0.12435 0.00000 500 249 0.49800
2.68742 +0.12435 1.57080 500 246 0.49200
3.01846 +0.11066 0.00000 500 258 0.51600
3.01846 +0.11066 1.57080 500 261 0.52200
3.34996 +0.09967 0.00000 500 253 0.50600
3.34996 +0.09967 1.57080 500 240 0.48000
3.68179 +0.09066 0.00000 500 249 0.49800
3.68179 +0.09066 1.57080 500 246 0.49200
3.72678 +2.96174 0.00000 500 244 0.48800
3.72678 +2.96174 1.57080 500 253 0.50600
3.39935 +2.94420 0.00000 500 256 0.51200
3.39935 +2.94420 1.57080 500 255 0.51000
3.07318 +2.92292 0.00000 500 243 0.48600
3.07318 +2.92292 1.57080 500 251 0.50200
2.74874 +2.89661 0.00000 500 274 0.54800
2.74874 +2.89661 1.57080 500 262 0.52400
2.42670 +2.86329 0.00000 500 275 0.55000
2.42670 +2.86329 1.57080 500 243 0.48600
2.10819 +2.81984 0.00000 500 258 0.51600
2.10819 +2.81984 1.57080 500 225 0.45000
1.79505 +2.76109 0.00000 500 229 0.45800
1.79505 +2.76109 1.57080 500 186 0.37200
1.49071 +2.67795 0.00000 500 189 0.37800
1.49071 +2.67795 1.57080 500 192 0.38400
1.20185 +2.55359 0.00000 500 138 0.27600
1.20185 +2.55359 1.57080 500 252 0.50400
0.94281 +2.35619 0.00000 500 140 0.28000
0.94281 +2.35619 1.57080 500 337 0.67400
0.74536 +2.03444 0.00000 500 212 0.42400
0.74536 +2.03444 1.57080 500 407 0.81400
0.66667 +1.57080 0.00000 500 299 0.59800
0.66667 +1.57080 1.57080 500 434 0.86800
0.74536 +1.10715 0.00000 500 372 0.74400
0.74536 +1.10715 1.57080 500 355 0.71000
0.94281 +0.78540 0.00000 500 413 0.82600
0.94281 +0.78540 1.57080 500 253 0.50600
1.20185 +0.58800 0.00000 500 344 0.68800
1.20185 +0.58800 1.57080 500 195 0.39000
1.49071 +0.46365 0.00000 500 277 0.55400
1.49071 +0.46365 1.57080 500 182 0.36400
1.79505 +0.38051 0.00000 500 248 0.49600
1.79505 +0.38051 1.57080 500 195 0.39000
2.10819 +0.32175 0.00000 500 232 0.46400
2.10819 +0.32175 1.57080 500 251 0.50200
2.42670 +0.27830 0.00000 500 241 0.48200
2.42670 +0.27830 1.57080 500 242 0.48400
2.74874 +0.24498 0.00000 500 254 0.50800
2.74874 +0.24498 1.57080 500 260 0.52000
3.07318 +0.21867 0.00000 500 248 0.49600
3.07318 +0.21867 1.57080 500 244 0.48800
3.39935 +0.19740 0.00000 500 252 0.50400
3.39935 +0.19740 1.57080 500 246 0.49200
3.72678 +0.17985 0.00000 500 254 0.50800
3.72678 +0.17985 1.57080 500 251 0.50200
3.80058 +2.87534 0.00000 500 225 0.45000
3.80058 +2.87534 1.57080 500 254 0.50800
3.48010 +2.85014 0.00000 500 258 0.51600
3.48010 +2.85014 1.57080 500 255 0.51000
3.16228 +2.81984 0.00000 500 248 0.49600
3.16228 +2.81984 1.57080 500 263 0.52600
2.84800 +2.78282 0.00000 500 282 0.56400
2.84800 +2.78282 1.57080 500 234 0.46800
2.53859 +2.73670 0.00000 500 238 0.47600
2.53859 +2.73670 1.57080 500 249 0.49800
2.23607 +2.67795 0.00000 500 265 0.53000
2.23607 +2.67795 1.57080 500 247 0.49400
1.94365 +2.60117 0.00000 500 274 0.54800
1.94365 +2.60117 1.57080 500 225 0.45000
1.66667 +2.49809 0.00000 500 230 0.46000
1.66667 +2.49809 1.57080 500 211 0.42200
1.41421 +2.35619 0.00000 500 208 0.41600
1.41421 +2.35619 1.57080 500 213 0.42600
1.20185 +2.15880 0.00000 500 154 0.30800
1.20185 +2.15880 1.57080 500 267 0.53400
1.05409 +1.89255 0.00000 500 169 0.33800
1.05409 +1.89255 1.57080 500 336 0.67200
1.00000 +1.57080 0.00000 500 213 0.42600
1.00000 +1.57080 1.57080 500 395 0.79000
1.05409 +1.24905 0.00000 500 310 0.62000
1.05409 +1.24905 1.57080 500 378 0.75600
1.20185 +0.98279 0.00000 500 348 0.69600
1.20185 +0.98279 1.57080 500 315 0.63000
1.41421 +0.78540 0.00000 500 329 0.65800
1.41421 +0.78540 1.57080 500 253 0.50600
1.66667 +0.64350 0.00000 500 303 0.60600
1.66667 +0.64350 1.57080 500 213 0.42600
1.94365 +0.54042 0.00000 500 253 0.50600
1.94365 +0.54042 1.57080 500 201 0.40200
2.23607 +0.46365 0.00000 500 243 0.48600
2.23607 +0.46365 1.57080 500 252 0.50400
2.53859 +0.40489 0.00000 500 234 0.46800
2.53859 +0.40489 1.57080 500 253 0.50600
2.84800 +0.35877 0.00000 500 251 0.50200
2.84800 +0.35877 1.57080 500 238 0.47600
3.16228 +0.32175 0.00000 500 244 0.48800
3.16228 +0.32175 1.57080 500 247 0.49400
3.48010 +0.29146 0.00000 500 242 0.48400
3.48010 +0.29146 1.57080 500 251 0.50200
3.80058 +0.26625 0.00000 500 238 0.47600
3.80058 +0.26625 1.57080 500 259 0.51800
3.90157 +2.79282 0.00000 500 255 0.51000
3.90157 +2.79282 1.57080 500 255 0.51000
3.59011 +2.76109 0.00000 500 237 0.47400
3.59011 +2.76109 1.57080 500 238 0.47600
3.28295 +2.72337 0.00000 500 237 0.47400
3.28295 +2.72337 1.57080 500 253 0.50600
2.98142 +2.67795 0.00000 500 246 0.49200
2.98142 +2.67795 1.57080 500 244 0.48800
2.68742 +2.62245 0.00000 500 259 0.51800
2.68742 +2.62245 1.57080 500 252 0.50400
2.40370 +2.55359 0.00000 500 278 0.55600
2.40370 +2.55359 1.57080 500 242 0.48400
2.13437 +2.46685 0.00000 500 252 0.50400
2.13437 +2.46685 1.57080 500 247 0.49400
1.88562 +2.35619 0.00000 500 267 0.53400
1.88562 +2.35619 1.57080 500 203 0.40600
1.66667 +2.21430 0.00000 500 206 0.41200
1.66667 +2.21430 1.57080 500 188 0.37600
1.49071 +2.03444 0.00000 500 176 0.35200
1.49071 +2.03444 1.57080 500 212 0.42400
1.37437 +1.81577 0.00000 500 170 0.34000
1.37437 +1.81577 1.57080 500 255 0.51000
1.33333 +1.57080 0.00000 500 197 0.39400
1.33333 +1.57080 1.57080 500 321 0.64200
1.37437 +1.32582 0.00000 500 216 0.43200
1.37437 +1.32582 1.57080 500 332 0.66400
1.49071 +1.10715 0.00000 500 266 0.53200
1.49071 +1.10715 1.57080 500 327 0.65400
1.66667 +0.92730 0.00000 500 296 0.59200
1.66667 +0.92730 1.57080 500 290 0.58000
1.88562 +0.78540 0.00000 500 281 0.56200
1.88562 +0.78540 1.57080 500 244 0.48800
2.13437 +0.67474 0.00000 500 287 0.57400
2.13437 +0.67474 1.57080 500 237 0.47400
2.40370 +0.58800 0.00000 500 244 0.48800
2.40370 +0.58800 1.57080 500 241 0.48200
2.68742 +0.51915 0.00000 500 240 0.48000
2.68742 +0.51915 1.57080 500 232 0.46400
2.98142 +0.46365 0.00000 500 245 0.49000
2.98142 +0.46365 1.57080 500 244 0.48800
3.28295 +0.41822 0.00000 500 240 0.48000
3.28295 +0.41822 1.57080 500 242 0.48400
3.59011 +0.38051 0.00000 500 228 0.45600
3.59011 +0.38051 1.57080 500 250 0.50000
3.90157 +0.34877 0.00000 500 263 0.52600
3.90157 +0.34877 1.57080 500 253 0.50600
3.72678 +2.67795 0.00000 500 239 0.47800
3.72678 +2.67795 1.57080 500 263 0.52600
3.43188 +2.63449 0.00000 500 251 0.50200
3.43188 +2.63449 1.57080 500 248 0.49600
3.14466 +2.58299 0.00000 500 250 0.50000
3.14466 +2.58299 1.57080 500 247 0.49400
2.86744 +2.52134 0.00000 500 265 0.53000
2.86744 +2.52134 1.57080 500 241 0.48200
2.60342 +2.44685 0.00000 500 263 0.52600
2.60342 +2.44685 1.57080 500 251 0.50200
2.35702 +2.35619 0.00000 500 245 0.49000
2.35702 +2.35619 1.57080 500 232 0.46400
2.13437 +2.24554 0.00000 500 241 0.48200
2.13437 +2.24554 1.57080 500 219 0.43800
1.94365 +2.11122 0.00000 500 245 0.49000
1.94365 +2.11122 1.57080 500 207 0.41400
1.79505 +1.95130 0.00000 500 233 0.46600
1.79505 +1.95130 1.57080 500 189 0.37800
1.69967 +1.76819 0.00000 500 200 0.40000
1.69967 +1.76819 1.57080 500 232 0.46400
1.66667 +1.57080 0.00000 500 203 0.40600
1.66667 +1.57080 1.57080 500 240 0.48000
1.69967 +1.37340 0.00000 500 202 0.40400
1.69967 +1.37340 1.57080 500 267 0.53400
1.79505 +1.19029 0.00000 500 258 0.51600
1.79505 +1.19029 1.57080 500 271 0.54200
1.94365 +1.03038 0.00000 500 258 0.51600
1.94365 +1.03038 1.57080 500 265 0.53000
2.13437 +0.89606 0.00000 500 283 0.56600
2.13437 +0.89606 1.57080 500 262 0.52400
2.35702 +0.78540 0.00000 500 261 0.52200
2.35702 +0.78540 1.57080 500 232 0.46400
2.60342 +0.69474 0.00000 500 244 0.48800
2.60342 +0.69474 1.57080 500 238 0.47600
2.86744 +0.62025 0.00000 500 238 0.47600
2.86744 +0.62025 1.57080 500 256 0.51200
3.14466 +0.55860 0.00000 500 251 0.50200
3.14466 +0.55860 1.57080 500 243 0.48600
3.43188 +0.50710 0.00000 500 245 0.49000
3.43188 +0.50710 1.57080 500 248 0.49600
3.72678 +0.46365 0.00000 500 243 0.48600
3.72678 +0.46365 1.57080 500 263 0.52600
3.88730 +2.60117 0.00000 500 244 0.48800
3.88730 +2.60117 1.57080 500 262 0.52400
3.60555 +2.55359 0.00000 500 252 0.50400
3.60555 +2.55359 1.57080 500 256 0.51200
3.33333 +2.49809 0.00000 500 234 0.46800
3.33333 +2.49809 1.57080 500 244 0.48800
3.07318 +2.43297 0.00000 500 262 0.52400
3.07318 +2.43297 1.57080 500 245 0.49000
2.82843 +2.35619 0.00000 500 247 0.49400
2.82843 +2.35619 1.57080 500 259 0.51800
2.60342 +2.26553 0.00000 500 251 0.50200
2.60342 +2.26553 1.57080 500 242 0.48400
2.40370 +2.15880 0.00000 500 269 0.53800
2.40370 +2.15880 1.57080 500 247 0.49400
2.23607 +2.03444 0.00000 500 266 0.53200
2.23607 +2.03444 1.57080 500 245 0.49000
2.10819 +1.89255 0.00000 500 265 0.53000
2.10819 +1.89255 1.57080 500 239 0.47800
2.02759 +1.73595 0.00000 500 235 0.47000
2.02759 +1.73595 1.57080 500 215 0.43000
2.00000 +1.57080 0.00000 500 241 0.48200
2.00000 +1.57080 1.57080 500 249 0.49800
2.02759 +1.40565 0.00000 500 228 0.45600
2.02759 +1.40565 1.57080 500 249 0.49800
2.10819 +1.24905 0.00000 500 231 0.46200
2.10819 +1.24905 1.57080 500 270 0.54000
2.23607 +1.10715 0.00000 500 260 0.52000
2.23607 +1.10715 1.57080 500 266 0.53200
2.40370 +0.98279 0.00000 500 271 0.54200
2.40370 +0.98279 1.57080 500 244 0.48800
2.60342 +0.87606 0.00000 500 247 0.49400
2.60342 +0.87606 1.57080 500 264 0.52800
2.82843 +0.78540 0.00000 500 261 0.52200
2.82843 +0.78540 1.57080 500 259 0.51800
3.07318 +0.70863 0.00000 500 246 0.49200
3.07318 +0.70863 1.57080 500 268 0.53600
3.33333 +0.64350 0.00000 500 272 0.54400
3.33333 +0.64350 1.57080 500 252 0.50400
3.60555 +0.58800 0.00000 500 239 0.47800
3.60555 +0.58800 1.57080 500 260 0.52000
3.88730 +0.54042 0.00000 500 233 0.46600
3.88730 +0.54042 1.57080 500 264 0.52800
3.80058 +2.48055 0.00000 500 241 0.48200
3.80058 +2.48055 1.57080 500 253 0.50600
3.54338 +2.42276 0.00000 500 243 0.48600
3.54338 +2.42276 1.57080 500 245 0.49000
3.29983 +2.35619 0.00000 500 256 0.51200
3.29983 +2.35619 1.57080 500 247 0.49400
3.07318 +2.27942 0.00000 500 233 0.46600
3.07318 +2.27942 1.57080 500 252 0.50400
2.86744 +2.19105 0.00000 500 254 0.50800
2.86744 +2.19105 1.57080 500 260 0.52000
2.68742 +2.08994 0.00000 500 251 0.50200
2.68742 +2.08994 1.57080 500 259 0.51800
2.53859 +1.97569 0.00000 500 258 0.51600
2.53859 +1.97569 1.57080 500 251 0.50200
2.42670 +1.84910 0.00000 500 281 0.56200
2.42670 +1.84910 1.57080 500 238 0.47600
2.35702 +1.71269 0.00000 500 257 0.51400
2.35702 +1.71269 1.57080 500 245 0.49000
2.33333 +1.57080 0.00000 500 235 0.47000
2.33333 +1.57080 1.57080 500 230 0.46000
2.35702 +1.42890 0.00000 500 231 0.46200
2.35702 +1.42890 1.57080 500 237 0.47400
2.42670 +1.29250 0.00000 500 228 0.45600
2.42670 +1.29250 1.57080 500 256 0.51200
2.53859 +1.16590 0.00000 500 241 0.48200
2.53859 +1.16590 1.57080 500 251 0.50200
2.68742 +1.05165 0.00000 500 238 0.47600
2.68742 +1.05165 1.57080 500 274 0.54800
2.86744 +0.95055 0.00000 500 233 0.46600
2.86744 +0.95055 1.57080 500 257 0.51400
3.07318 +0.86217 0.00000 500 254 0.50800
3.07318 +0.86217 1.57080 500 246 0.49200
3.29983 +0.78540 0.00000 500 243 0.48600
3.29983 +0.78540 1.57080 500 246 0.49200
3.54338 +0.71883 0.00000 500 234 0.46800
3.54338 +0.71883 1.57080 500 237 0.47400
3.80058 +0.66104 0.00000 500 268 0.53600
3.80058 +0.66104 1.57080 500 253 0.50600
3.77124 +2.35619 0.00000 500 242 0.48400
3.77124 +2.35619 1.57080 500 244 0.48800
3.54338 +2.28963 0.00000 500 241 0.48200
3.54338 +2.28963 1.57080 500 252 0.50400
3.33333 +2.21430 0.00000 500 251 0.50200
3.33333 +2.21430 1.57080 500 249 0.49800
3.14466 +2.12940 0.00000 500 227 0.45400
3.14466 +2.12940 1.57080 500 230 0.46000
2.98142 +2.03444 0.00000 500 254 0.50800
2.98142 +2.03444 1.57080 500 255 0.51000
2.84800 +1.92957 0.00000 500 266 0.53200
2.84800 +1.92957 1.57080 500 253 0.50600
2.74874 +1.81577 0.00000 500 251 0.50200
2.74874 +1.81577 1.57080 500 249 0.49800
2.68742 +1.69515 0.00000 500 250 0.50000
2.68742 +1.69515 1.57080 500 249 0.49800
2.66667 +1.57080 0.00000 500 251 0.50200
2.66667 +1.57080 1.57080 500 232 0.46400
2.68742 +1.44644 0.00000 500 245 0.49000
2.68742 +1.44644 1.57080 500 258 0.51600
2.74874 +1.32582 0.00000 500 250 0.50000
2.74874 +1.32582 1.57080 500 240 0.48000
2.84800 +1.21203 0.00000 500 259 0.51800
2.84800 +1.21203 1.57080 500 262 0.52400
2.98142 +1.10715 0.00000 500 258 0.51600
2.98142 +1.10715 1.57080 500 249 0.49800
3.14466 +1.01220 0.00000 500 233 0.46600
3.14466 +1.01220 1.57080 500 239 0.47800
3.33333 +0.92730 0.00000 500 258 0.51600
3.33333 +0.92730 1.57080 500 257 0.51400
3.54338 +0.85197 0.00000 500 245 0.49000
3.54338 +0.85197 1.57080 500 271 0.54200
3.77124 +0.78540 0.00000 500 233 0.46600
3.77124 +0.78540 1.57080 500 264 0.52800
3.80058 +2.23184 0.00000 500 238 0.47600
3.80058 +2.23184 1.57080 500 236 0.47200
3.60555 +2.15880 0.00000 500 251 0.50200
3.60555 +2.15880 1.57080 500 252 0.50400
3.43188 +2.07789 0.00000 500 252 0.50400
3.43188 +2.07789 1.57080 500 257 0.51400
3.28295 +1.98902 0.00000 500 254 0.50800
3.28295 +1.98902 1.57080 500 254 0.50800
3.16228 +1.89255 0.00000 500 241 0.48200
3.16228 +1.89255 1.57080 500 235 0.47000
3.07318 +1.78947 0.00000 500 241 0.48200
3.07318 +1.78947 1.57080 500 260 0.52000
3.01846 +1.68145 0.00000 500 234 0.46800
3.01846 +1.68145 1.57080 500 233 0.46600
3.00000 +1.57080 0.00000 500 239 0.47800
3.00000 +1.57080 1.57080 500 239 0.47800
3.01846 +1.46014 0.00000 500 252 0.50400
3.01846 +1.46014 1.57080 500 251 0.50200
3.07318 +1.35213 0.00000 500 242 0.48400
3.07318 +1.35213 1.57080 500 254 0.50800
3.16228 +1.24905 0.00000 500 258 0.51600
3.16228 +1.24905 1.57080 500 266 0.53200
3.28295 +1.15257 0.00000 500 251 0.50200
3.28295 +1.15257 1.57080 500 268 0.53600
3.43188 +1.06370 0.00000 500 260 0.52000
3.43188 +1.06370 1.57080 500 245 0.49000
3.60555 +0.98279 0.00000 500 271 0.54200
3.60555 +0.98279 1.57080 500 262 0.52400
3.80058 +0.90975 0.00000 500 249 0.49800
3.80058 +0.90975 1.57080 500 253 0.50600
3.88730 +2.11122 0.00000 500 237 0.47400
3.88730 +2.11122 1.57080 500 237 0.47400
3.72678 +2.03444 0.00000 500 239 0.47800
3.72678 +2.03444 1.57080 500 260 0.52000
3.59011 +1.95130 0.00000 500 265 0.53000
3.59011 +1.95130 1.57080 500 273 0.54600
3.48010 +1.86225 0.00000 500 246 0.49200
3.48010 +1.86225 1.57080 500 253 0.50600
3.39935 +1.76819 0.00000 500 253 0.50600
3.39935 +1.76819 1.57080 500 242 0.48400
3.34996 +1.67046 0.00000 500 250 0.50000
3.34996 +1.67046 1.57080 500 255 0.51000
3.33333 +1.57080 0.00000 500 267 0.53400
3.33333 +1.57080 1.57080 500 244 0.48800
3.34996 +1.47113 0.00000 500 245 0.49000
3.34996 +1.47113 1.57080 500 247 0.49400
3.39935 +1.37340 0.00000 500 238 0.47600
3.39935 +1.37340 1.57080 500 245 0.49000
3.48010 +1.27934 0.00000 500 260 0.52000
3.48010 +1.27934 1.57080 500 285 0.57000
3.59011 +1.19029 0.00000 500 242 0.48400
3.59011 +1.19029 1.57080 500 254 0.50800
3.72678 +1.10715 0.00000 500 248 0.49600
3.72678 +1.10715 1.57080 500 259 0.51800
3.88730 +1.03038 0.00000 500 267 0.53400
3.88730 +1.03038 1.57080 500 269 0.53800
3.90157 +1.91957 0.00000 500 247 0.49400
3.90157 +1.91957 1.57080 500 262 0.52400
3.80058 +1.83705 0.00000 500 257 0.51400
3.80058 +1.83705 1.57080 500 226 0.45200
3.72678 +1.75065 0.00000 500 256 0.51200
3.72678 +1.75065 1.57080 500 262 0.52400
3.68179 +1.66146 0.00000 500 259 0.51800
3.68179 +1.66146 1.57080 500 242 0.48400
3.66667 +1.57080 0.00000 500 262 0.52400
3.66667 +1.57080 1.57080 500 252 0.50400
3.68179 +1.48014 0.00000 500 245 0.49000
3.68179 +1.48014 1.57080 500 261 0.52200
3.72678 +1.39094 0.00000 500 239 0.47800
3.72678 +1.39094 1.57080 500 262 0.52400
3.80058 +1.30454 0.00000 500 236 0.47200
3.80058 +1.30454 1.57080 500 251 0.50200
3.90157 +1.22203 0.00000 500 246 0.49200
3.90157 +1.22203 1.57080 500 270 0.54000
4.00000 +1.57080 0.00000 500 275 0.55000
4.00000 +1.57080 1.57080 500 237 0.47400
